41.16268909700011 Training_Time (s)
0.3159408270003041 Test_time (s)
93.94248481427356 Kappa accuracy (%)
94.69035637259935 Overall accuracy (%)
90.17141977956827 Average accuracy (%)
[ 43.18181818  93.14664702  95.43726236  82.66666667  96.94989107
  99.27849928  81.48148148  99.77973568  94.73684211  97.7248104
  94.98284734  85.43516874 100.          98.83527454  83.65122616
  95.45454545] Each accuracy (%)
                              precision    recall  f1-score   support

                     Alfalfa     1.0000    0.4318    0.6032        44
                 Corn-notill     0.9504    0.9315    0.9408      1357
                Corn-mintill     0.9172    0.9544    0.9354       789
                        Corn     1.0000    0.8267    0.9051       225
               Grass-pasture     0.9695    0.9695    0.9695       459
                 Grass-trees     0.9759    0.9928    0.9843       693
         Grass-pasture-mowed     1.0000    0.8148    0.8980        27
               Hay-windrowed     0.9437    0.9978    0.9700       454
                        Oats     1.0000    0.9474    0.9730        19
              Soybean-notill     0.8817    0.9772    0.9270       923
             Soybean-mintill     0.9556    0.9498    0.9527      2332
               Soybean-clean     0.9620    0.8544    0.9050       563
                       Wheat     0.9512    1.0000    0.9750       195
                       Woods     0.9542    0.9884    0.9710      1202
Buildings-Grass-Trees-Drives     0.9685    0.8365    0.8977       367
          Stone-Steel-Towers     0.9438    0.9545    0.9492        88

                    accuracy                         0.9469      9737
                   macro avg     0.9609    0.9017    0.9223      9737
                weighted avg     0.9482    0.9469    0.9461      9737

[[  19    0    0    0    4    0    0   21    0    0    0    0    0    0
     0    0]
 [   0 1264    2    0    0    2    0    0    0   27   59    0    0    2
     1    0]
 [   0    5  753    0    0    0    0    0    0    1   30    0    0    0
     0    0]
 [   0    5   32  186    0    0    0    0    0    0    0    0    0    0
     2    0]
 [   0    1    3    0  445    0    0    4    0    6    0    0    0    0
     0    0]
 [   0    0    0    0    0  688    0    0    0    2    0    0    0    0
     3    0]
 [   0    0    0    0    0    0   22    0    0    3    0    0    0    0
     2    0]
 [   0    0    0    0    1    0    0  453    0    0    0    0    0    0
     0    0]
 [   0    0    0    0    1    0    0    0   18    0    0    0    0    0
     0    0]
 [   0    6    0    0    1    0    0    0    0  902   10    4    0    0
     0    0]
 [   0   25    9    0    0   11    0    0    0   48 2215    9   10    3
     1    1]
 [   0   15   22    0    2    0    0    0    0   34    4  481    0    0
     1    4]
 [   0    0    0    0    0    0    0    0    0    0    0    0  195    0
     0    0]
 [   0    9    0    0    5    0    0    0    0    0    0    0    0 1188
     0    0]
 [   0    0    0    0    0    4    0    2    0    0    0    2    0   52
   307    0]
 [   0    0    0    0    0    0    0    0    0    0    0    4    0    0
     0   84]]
